5089	7404	12
0.0	6.6028594970703125	-1.2329740524291992	0.11229069530963898	0.43569067120552063	1.0	1	0.0	0	0.0	0	0.0	0.7483834624290466	-0.6632663607597351	-0.9999999403953552	-0.00031162670347839594	-0.00035161481355316937	-0.0004698342236224562	0.6632663011550903	0.7483834028244019
0.12779566645622253	6.528902053833008	-1.2975311279296875	0.09969872981309891	0.4287348687648773	1.0	1	0.0	0	0.0	0	0.07977867871522903	0.580730140209198	-0.8101778030395508	-0.9956130385398865	0.006556912325322628	-0.09333730489015579	-0.048891518265008926	0.8140697479248047	0.5787054896354675
0.0	6.528902053833008	-1.303809404373169	0.11201533675193787	0.42874398827552795	1.0	1	0.0	0	0.0	0	0.0	0.5807213187217712	-0.8141025304794312	-0.9999999403953552	-0.00034488560049794614	-0.0002460156101733446	-0.00042363876127637923	0.8141024708747864	0.5807212591171265
0.12085259705781937	6.6028594970703125	-1.227036952972412	0.22708803415298462	0.753165602684021	1.0	1	0.0	0	0.0	0	0.06500565260648727	0.7483890652656555	-0.6600668430328369	-0.5458994507789612	-0.5270388126373291	-0.6513246893882751	-0.8353251218795776	0.40266990661621094	0.37428468465805054
0.2543605864048004	6.528902053833008	-1.2787569761276245	0.22927799820899963	0.7384015917778015	1.0	1	0.0	0	0.0	0	0.15882420539855957	0.5807276964187622	-0.7984548807144165	-0.581252932548523	-0.5987111330032349	-0.5510807633399963	-0.7980717420578003	0.5516292452812195	0.24245987832546234
0.12779566645622253	6.528902053833008	-1.2975311279296875	0.23406274616718292	0.7472842931747437	1.0	1	0.0	0	0.0	0	0.07977867871522903	0.580730140209198	-0.8101778030395508	-0.5848317742347717	-0.6309065222740173	-0.5098321437835693	-0.8072212934494019	0.5144913792610168	0.2892965078353882
0.24054130911827087	6.6028594970703125	-1.2092827558517456	0.2225632518529892	0.7447654604911804	1.0	1	0.0	0	0.0	0	0.12937095761299133	0.7483921647071838	-0.6505170464515686	-0.5395329594612122	-0.4972934424877167	-0.6794140934944153	-0.831965982913971	0.4388718008995056	0.33944690227508545
0.3784758448600769	6.528902053833008	-1.2476677894592285	0.22340275347232819	0.7298641800880432	1.0	1	0.0	0	0.0	0	0.23631371557712555	0.5807280540466309	-0.7790448069572449	-0.5708235502243042	-0.5658442378044128	-0.5949628353118896	-0.7863295674324036	0.5852950215339661	0.19777648150920868
0.35791346430778503	6.6028594970703125	-1.1798826456069946	0.21700720489025116	0.7366918921470642	1.0	1	0.0	0	0.0	0	0.19251449406147003	0.7483894228935242	-0.6347057819366455	-0.5225891470909119	-0.4692639410495758	-0.711823046207428	-0.8305653929710388	0.46872663497924805	0.30076009035110474
0.49894624948501587	6.528902053833008	-1.2045626640319824	0.21649350225925446	0.721754252910614	1.0	1	0.0	0	0.0	0	0.311544805765152	0.5807282328605652	-0.7521267533302307	-0.5567764639854431	-0.5298448204994202	-0.6397377848625183	-0.7700242400169373	0.6180734634399414	0.15826545655727386
0.5812199711799622	6.6028594970703125	-1.0873860120773315	0.20302462577819824	0.7218313813209534	1.0	1	0.0	0	0.0	0	0.3126366436481476	0.7483869194984436	-0.5849576592445374	-0.48225125670433044	-0.4054986536502838	-0.7765337228775024	-0.8183470964431763	0.524869441986084	0.23413677513599396
0.6146115064620972	6.528902053833008	-1.1498571634292603	0.20861686766147614	0.7141499519348145	1.0	1	0.0	0	0.0	0	0.38375410437583923	0.5807279348373413	-0.717974841594696	-0.5377480387687683	-0.49153152108192444	-0.6849991679191589	-0.750705361366272	0.6489608287811279	0.12365806847810745
0.7243576645851135	6.528902053833008	-1.0840778350830078	0.19984865188598633	0.7071244716644287	1.0	1	0.0	0	0.0	0	0.4522992968559265	0.5807254314422607	-0.6768924593925476	-0.5121452212333679	-0.45223405957221985	-0.7301997542381287	-0.7301594018936157	0.6769360303878784	0.09287060052156448
0.6850037574768066	6.6028594970703125	-1.025180459022522	0.19473278522491455	0.7151876091957092	1.0	1	0.0	0	0.0	0	0.3684875965118408	0.7483893036842346	-0.5514801144599915	-0.4586351811885834	-0.3696531355381012	-0.8080906271934509	-0.8086227774620056	0.5506995916366577	0.20702506601810455
0.8271278738975525	6.528902053833008	-1.0078582763671875	0.19027331471443176	0.7007455825805664	1.0	1	0.0	0	0.0	0	0.5164517760276794	0.5807259678840637	-0.6293131113052368	-0.48401376605033875	-0.4082848131656647	-0.7739729881286621	-0.7064052224159241	0.7043159604072571	0.07021994143724442
0.8718442916870117	6.6028594970703125	-0.8718444108963013	0.17594650387763977	0.70379239320755	1.0	1	0.0	0	0.0	0	0.4689907431602478	0.7483953237533569	-0.4689907431602478	-0.4042356312274933	-0.2902376353740692	-0.8673844337463379	-0.7852650880813599	0.596377968788147	0.16640928387641907
0.9219323992729187	6.528902053833008	-0.9219324588775635	0.17998307943344116	0.6950745582580566	1.0	1	0.0	0	0.0	0	0.5756565928459167	0.5807228088378906	-0.5756565928459167	-0.4522556662559509	-0.3604010045528412	-0.8158283829689026	-0.6812373399734497	0.7299809455871582	0.05516795814037323
0.9531018733978271	6.6028594970703125	-0.7821905612945557	0.165632963180542	0.6991506814956665	1.0	1	0.0	0	0.0	0	0.5127173066139221	0.7483841776847839	-0.42076390981674194	-0.3734639883041382	-0.24688009917736053	-0.8941894769668579	-0.7730754613876343	0.6156065464019775	0.1529148370027542
1.0078582763671875	6.528902053833008	-0.8271279335021973	0.1690770387649536	0.6901661157608032	1.0	1	0.0	0	0.0	0	0.6293131113052368	0.5807259678840637	-0.5164517760276794	-0.41681814193725586	-0.30866047739982605	-0.8549804091453552	-0.6559175252914429	0.7533167600631714	0.04781302437186241
1.025180459022522	6.6028594970703125	-0.6850038170814514	0.15483641624450684	0.6952747106552124	1.0	1	0.0	0	0.0	0	0.5514801144599915	0.7483893036842346	-0.3684875965118408	-0.34042733907699585	-0.2013666182756424	-0.9184556007385254	-0.7615634799003601	0.631953239440918	0.1437225043773651
1.0840778350830078	6.528902053833008	-0.7243577241897583	0.15766020119190216	0.6860675811767578	1.0	1	0.0	0	0.0	0	0.6768924593925476	0.5807254314422607	-0.4522992968559265	-0.37776342034339905	-0.25330859422683716	-0.8905782699584961	-0.6317526698112488	0.7736877799034119	0.04791412129998207
1.1498571634292603	6.528902053833008	-0.6146115064620972	0.1458425521850586	0.6828182935714722	1.0	1	0.0	0	0.0	0	0.717974841594696	0.5807279348373413	-0.38375410437583923	-0.3352202773094177	-0.1946970373392105	-0.9218027591705322	-0.6100323796272278	0.7904734015464783	0.05488418787717819
1.0873860120773315	6.6028594970703125	-0.5812200307846069	0.14366081357002258	0.6922019720077515	1.0	1	0.0	0	0.0	0	0.5849576592445374	0.7483869194984436	-0.3126366436481476	-0.30526646971702576	-0.1539689153432846	-0.9397372007369995	-0.7514232993125916	0.6451439261436462	0.1383921205997467
1.2045626640319824	6.528902053833008	-0.4989462196826935	0.13373789191246033	0.6804496049880981	1.0	1	0.0	0	0.0	0	0.7521267533302307	0.5807282328605652	-0.311544805765152	-0.2895665764808655	-0.13344378769397736	-0.9478100538253784	-0.5919938683509827	0.8030862212181091	0.0677928626537323
1.1391195058822632	6.6028594970703125	-0.47183874249458313	0.1322137713432312	0.6899619698524475	1.0	1	0.0	0	0.0	0	0.6127694845199585	0.7483978867530823	-0.2537997364997864	-0.2682478427886963	-0.10511012375354767	-0.9575986266136169	-0.7433416843414307	0.6548683643341064	0.13634781539440155
1.2476677894592285	6.528902053833008	-0.3784758150577545	0.12146277725696564	0.6789842844009399	1.0	1	0.0	0	0.0	0	0.7790448069572449	0.5807280540466309	-0.23631371557712555	-0.24123501777648926	-0.0702565610408783	-0.9679203033447266	-0.5787010788917542	0.8110604882240295	0.08535893261432648
1.2092828750610352	6.6028594970703125	-0.24054120481014252	0.10894796997308731	0.6880582571029663	1.0	1	0.0	0	0.0	0	0.6505170464515686	0.7483921647071838	-0.12937095761299133	-0.18982703983783722	-0.004718742799013853	-0.981806218624115	-0.7353865504264832	0.6632397770881653	0.1389954537153244
1.278757095336914	6.528902053833008	-0.25436046719551086	0.10913544148206711	0.6784365177154541	1.0	1	0.0	0	0.0	0	0.7984548807144165	0.5807276964187622	-0.15882420539855957	-0.19086487591266632	-0.006034650839865208	-0.9815977215766907	-0.5709995031356812	0.8140754699707031	0.10602213442325592
1.2975311279296875	6.528902053833008	-0.1277955025434494	0.09687460958957672	0.6788116097450256	1.0	1	0.0	0	0.0	0	0.8101778030395508	0.580730140209198	-0.07977867871522903	-0.1391260176897049	0.058290425688028336	-0.9885576963424683	-0.5694348812103271	0.8120066523551941	0.1280202567577362
1.2329740524291992	6.6028594970703125	2.0087698260340403e-07	0.08593309670686722	0.6896368265151978	1.0	1	0.0	0	0.0	0	0.6632663607597351	0.7483834624290466	0.0	-0.10813820362091064	0.09583915024995804	-0.9895054697990417	-0.740529477596283	0.656305730342865	0.14449572563171387
1.303809404373169	6.528902053833008	2.1241751824163657e-07	0.08479835093021393	0.6801058053970337	1.0	1	0.0	0	0.0	0	0.8141025304794312	0.5807213187217712	0.0	-0.08683030307292938	0.12172585725784302	-0.9887584447860718	-0.5741931200027466	0.8049507737159729	0.14952152967453003
1.2975311279296875	6.528902053833008	0.12779591977596283	0.07302294671535492	0.682306706905365	1.0	1	0.0	0	0.0	0	0.8101778030395508	0.580730140209198	0.07977867871522903	-0.03471983224153519	0.1833999752998352	-0.9824250936508179	-0.585155189037323	0.7931689620018005	0.16874942183494568
1.227036952972412	6.6028594970703125	0.12085284292697906	0.07479745894670486	0.6917182207107544	1.0	1	0.0	0	0.0	0	0.6600668430328369	0.7483890652656555	0.06500565260648727	-0.06710606813430786	0.14493222534656525	-0.9871633052825928	-0.7482036352157593	0.6472315192222595	0.14588642120361328
1.2787569761276245	6.528902053833008	0.2543608844280243	0.06166185066103935	0.685393214225769	1.0	1	0.0	0	0.0	0	0.7984548807144165	0.5807276964187622	0.15882420539855957	0.020453546196222305	0.23748311400413513	-0.9711763262748718	-0.6017071008682251	0.7786889672279358	0.17774160206317902
1.2092827558517456	6.6028594970703125	0.24054160714149475	0.06405358016490936	0.6946370005607605	1.0	1	0.0	0	0.0	0	0.6505170464515686	0.7483921647071838	0.12937095761299133	-0.026500817388296127	0.1926017850637436	-0.9809191226959229	-0.7590292096138	0.6346761584281921	0.14512373507022858
1.2476675510406494	6.528902053833008	0.37847626209259033	0.05082442983984947	0.6893354654312134	1.0	1	0.0	0	0.0	0	0.7790448069572449	0.5807280540466309	0.23631371557712555	0.07279042899608612	0.29058441519737244	-0.9540767073631287	-0.6227281093597412	0.7604697942733765	0.18410681188106537
1.1391193866729736	6.6028594970703125	0.47183912992477417	0.04415026679635048	0.7028665542602539	1.0	1	0.0	0	0.0	0	0.6127647757530212	0.7483921051025391	0.2538282871246338	0.05201676860451698	0.2823009490966797	-0.9579147100448608	-0.7885516285896301	0.6001796126365662	0.13405512273311615
1.2045625448226929	6.528902053833008	0.4989466071128845	0.04061508923768997	0.6940955519676208	1.0	1	0.0	0	0.0	0	0.7521267533302307	0.5807282328605652	0.311544805765152	0.1206413060426712	0.3434161841869354	-0.9314028024673462	-0.6478813886642456	0.7381179928779602	0.1882326602935791
1.087385892868042	6.6028594970703125	0.5812203288078308	0.03518249839544296	0.7080980539321899	1.0	1	0.0	0	0.0	0	0.5849319696426392	0.7483930587768555	0.3126697242259979	0.08789240568876266	0.3247388005256653	-0.9417110085487366	-0.8063061237335205	0.578318178653717	0.12417203933000565
1.1498570442199707	6.528902053833008	0.6146118640899658	0.03113211877644062	0.6996275782585144	1.0	1	0.0	0	0.0	0	0.717974841594696	0.5807279348373413	0.38375410437583923	0.16806168854236603	0.39036935567855835	-0.905189037322998	-0.6754744052886963	0.7143973112106323	0.1826772540807724
1.087385892868042	6.6028594970703125	0.5812203288078308	0.5298589468002319	0.015979206189513206	1.0	1	0.0	0	0.0	0	0.5849319696426392	0.7483930587768555	0.3126697242259979	-0.5071711540222168	0.03665168583393097	0.861065685749054	0.6329557299613953	-0.6622418761253357	0.40100210905075073
1.0840775966644287	6.528902053833008	0.724358081817627	0.5405965447425842	0.024708887562155724	1.0	1	0.0	0	0.0	0	0.6768924593925476	0.5807254314422607	0.4522992968559265	-0.5572635531425476	0.0028404362965375185	0.8303307294845581	0.48090943694114685	-0.8140945434570312	0.32553979754447937
1.1498570442199707	6.528902053833008	0.6146118640899658	0.5284720659255981	0.024510260671377182	1.0	1	0.0	0	0.0	0	0.717974841594696	0.5807279348373413	0.38375410437583923	-0.4892279803752899	0.028829388320446014	0.8716793060302734	0.49514514207839966	-0.8135870695114136	0.3048071265220642
1.0251802206039429	6.6028594970703125	0.6850041151046753	0.5413246750831604	0.016167087480425835	1.0	1	0.0	0	0.0	0	0.5514801144599915	0.7483893036842346	0.3684875965118408	-0.5578740835189819	0.0024592699483036995	0.8299220204353333	0.6201985478401184	-0.6632550954818726	0.4188632667064667
1.0078579187393188	6.528902053833008	0.8271283507347107	0.5528967380523682	0.024589594453573227	1.0	1	0.0	0	0.0	0	0.6293131113052368	0.5807259678840637	0.5164517760276794	-0.6232030391693115	-0.01993241347372532	0.7818060517311096	0.4643091559410095	-0.8138550519943237	0.3493664264678955
0.8718439340591431	6.6028594970703125	0.8718447685241699	0.5646427869796753	0.01564173400402069	1.0	1	0.0	0	0.0	0	0.4689907431602478	0.7483953237533569	0.4689907431602478	-0.6791949272155762	-0.03382985666394234	0.733177900314331	0.5645727515220642	-0.6623897552490234	0.4924403727054596
0.92193204164505	6.528902053833008	0.9219328761100769	0.5652542114257812	0.024153461679816246	1.0	1	0.0	0	0.0	0	0.5756565928459167	0.5807228088378906	0.5756565928459167	-0.6846601366996765	-0.04258260875940323	0.7276175618171692	0.4470570683479309	-0.8129869699478149	0.37308478355407715
0.7821899652481079	6.6028594970703125	0.9531022906303406	0.576270580291748	0.014933645725250244	1.0	1	0.0	0	0.0	0	0.42076390981674194	0.7483841776847839	0.5127173066139221	-0.7274296283721924	-0.05935797467827797	0.6836100816726685	0.5420368313789368	-0.6606041789054871	0.5194211602210999
0.8271273374557495	6.528902053833008	1.0078586339950562	0.5775499939918518	0.023404601961374283	1.0	1	0.0	0	0.0	0	0.5164517760276794	0.5807259678840637	0.6293131113052368	-0.7411721348762512	-0.06493064016103745	0.6681675910949707	0.42888399958610535	-0.8115056753158569	0.39688435196876526
0.6850031614303589	6.6028594970703125	1.0251809358596802	0.5877279043197632	0.013936714269220829	1.0	1	0.0	0	0.0	0	0.3684875965118408	0.7483893036842346	0.5514801144599915	-0.7756500244140625	-0.07948465645313263	0.6261383891105652	0.5124294757843018	-0.6584797501564026	0.5511991381645203
0.724357008934021	6.528902053833008	1.084078311920166	0.5896656513214111	0.022350462153553963	1.0	1	0.0	0	0.0	0	0.4522992968559265	0.5807254314422607	0.6768924593925476	-0.7923238277435303	-0.08679592609405518	0.6038952469825745	0.4094488024711609	-0.8094593286514282	0.4208648204803467
0.6146107912063599	6.528902053833008	1.149857521057129	0.601484477519989	0.021001067012548447	1.0	1	0.0	0	0.0	0	0.38375410437583923	0.5807279348373413	0.717974841594696	-0.837776243686676	-0.10808287560939789	0.5352094173431396	0.38841184973716736	-0.806891143321991	0.44504281878471375
0.47183799743652344	6.6028594970703125	1.1391198635101318	0.6096929907798767	0.011117503046989441	1.0	1	0.0	0	0.0	0	0.2537997364997864	0.7483978867530823	0.6127694845199585	-0.8579757809638977	-0.11832614988088608	0.4998765289783478	0.4466131329536438	-0.6526098251342773	0.6120760440826416
0.4989454448223114	6.528902053833008	1.2045631408691406	0.6128926277160645	0.019369332119822502	1.0	1	0.0	0	0.0	0	0.311544805765152	0.5807282328605652	0.7521267533302307	-0.8771768808364868	-0.12858949601650238	0.46262887120246887	0.3653772473335266	-0.8038778305053711	0.4693399965763092
0.37847504019737244	6.528902053833008	1.2476680278778076	0.6237803101539612	0.017471102997660637	1.0	1	0.0	0	0.0	0	0.23631371557712555	0.5807280540466309	0.7790448069572449	-0.9102614521980286	-0.14821018278598785	0.38659799098968506	0.3399706482887268	-0.8004928231239319	0.49359020590782166
0.35791268944740295	6.6028594970703125	1.1798828840255737	0.6199891567230225	0.009322494268417358	1.0	1	0.0	0	0.0	0	0.19251449406147003	0.7483894228935242	0.6347057819366455	-0.8915704488754272	-0.1367994099855423	0.4317268431186676	0.4099271893501282	-0.6489986181259155	0.640906035900116
0.2543596625328064	6.528902053833008	1.2787572145462036	0.6340426206588745	0.015324579551815987	1.0	1	0.0	0	0.0	0	0.15882420539855957	0.5807276964187622	0.7984548807144165	-0.936767041683197	-0.16679377853870392	0.3076481521129608	0.3118371367454529	-0.7968282103538513	0.5175157189369202
0.24054042994976044	6.6028594970703125	1.2092829942703247	0.6296939253807068	0.0072926003485918045	1.0	1	0.0	0	0.0	0	0.12940095365047455	0.7483891248703003	0.6505144238471985	-0.919795572757721	-0.15449345111846924	0.36070477962493896	0.3704477846622467	-0.6450158357620239	0.6683734655380249
0.12779466807842255	6.528902053833008	1.297531247138977	0.6435806751251221	0.01295048464089632	1.0	1	0.0	0	0.0	0	0.07977867871522903	0.580730140209198	0.8101778030395508	-0.9564899802207947	-0.18423178791999817	0.22624245285987854	0.28064629435539246	-0.7929761409759521	0.5407647490501404
-9.896818937704666e-07	6.6028594970703125	1.2329740524291992	0.6469619870185852	0.0026087993755936623	1.0	1	0.0	0	0.0	0	0.0	0.7483834624290466	0.6632663607597351	-0.9643604159355164	-0.1754954606294632	0.19801606237888336	0.2645922005176544	-0.6396278738975525	0.7217113971710205
-1.0465397508596652e-06	6.528902053833008	1.303809404373169	0.6523027420043945	0.010371712036430836	1.0	1	0.0	0	0.0	0	0.0	0.5807213187217712	0.8141025304794312	-0.9692364931106567	-0.2003762274980545	0.1429339200258255	0.2461315244436264	-0.7890577912330627	0.5628562569618225
-0.12085362523794174	6.6028594970703125	1.227036952972412	0.654358983039856	0.0	1.0	1	0.0	0	0.0	0	-0.06500565260648727	0.7483890652656555	0.6600668430328369	-0.9688752293586731	-0.20566913485527039	0.1377716362476349	0.23886215686798096	-0.6305664777755737	0.7384652495384216
-0.12779675424098969	6.528902053833008	1.2975311279296875	0.6601247787475586	0.007613005116581917	1.0	1	0.0	0	0.0	0	-0.07977867871522903	0.580730140209198	0.8101778030395508	-0.9749007821083069	-0.21493498980998993	0.058065153658390045	0.2078557163476944	-0.7852104902267456	0.5833014249801636
-0.12085362523794174	6.6028594970703125	1.227036952972412	0.6689131259918213	0.7763692736625671	1.0	1	0.0	0	0.0	0	-0.06500565260648727	0.7483890652656555	0.6600668430328369	-0.0652780756354332	-0.663237452507019	0.7455567121505737	0.9957475066184998	0.005377510096877813	0.09196757525205612
-0.25436171889305115	6.528902053833008	1.278756856918335	0.6803410053253174	0.7660554647445679	1.0	1	0.0	0	0.0	0	-0.15882420539855957	0.5807276964187622	0.7984548807144165	0.04662175476551056	-0.8034002184867859	0.5936115384101868	0.9862054586410522	0.13150525093078613	0.10052485018968582
-0.12779675424098969	6.528902053833008	1.2975311279296875	0.6769578456878662	0.7756227850914001	1.0	1	0.0	0	0.0	0	-0.07977867871522903	0.580730140209198	0.8101778030395508	0.040521588176488876	-0.8101999759674072	0.5847511887550354	0.9959886074066162	0.0794803649187088	0.041104573756456375
-0.24054238200187683	6.6028594970703125	1.209282636642456	0.6721125245094299	0.767321765422821	1.0	1	0.0	0	0.0	0	-0.12940095365047455	0.7483891248703003	0.6505144238471985	-0.04508255422115326	-0.6597919464111328	0.7500948905944824	0.9905670285224915	0.06773612648248672	0.11911699920892715
-0.3784770369529724	6.528902053833008	1.2476673126220703	0.6825820803642273	0.7561005353927612	1.0	1	0.0	0	0.0	0	-0.23631371557712555	0.5807280540466309	0.7790448069572449	0.0462384931743145	-0.7941171526908875	0.6060031652450562	0.9705758690834045	0.17922872304916382	0.16080878674983978
-0.4718398451805115	6.6028594970703125	1.139119029045105	0.6752506494522095	0.7482177019119263	1.0	1	0.0	0	0.0	0	-0.2538282871246338	0.7483921051025391	0.6127647757530212	-0.06285645812749863	-0.644936203956604	0.7616471648216248	0.9652048945426941	0.15481136739253998	0.21074432134628296
-0.4989473819732666	6.528902053833008	1.2045623064041138	0.6836594343185425	0.7458539009094238	1.0	1	0.0	0	0.0	0	-0.311544805765152	0.5807282328605652	0.7521267533302307	0.04236049950122833	-0.7822378277778625	0.6215380430221558	0.949286699295044	0.22549739480018616	0.2191021889448166
-0.6146125793457031	6.528902053833008	1.1498565673828125	0.6835627555847168	0.7354141473770142	1.0	1	0.0	0	0.0	0	-0.38375410437583923	0.5807279348373413	0.717974841594696	0.03504210337996483	-0.7677789926528931	0.6397558450698853	0.922770082950592	0.27066829800605774	0.2742883861064911
-0.685004711151123	6.6028594970703125	1.0251798629760742	0.6739583611488342	0.7283852100372314	1.0	1	0.0	0	0.0	0	-0.3684875965118408	0.7483893036842346	0.5514801144599915	-0.0916949212551117	-0.6195907592773438	0.7795507907867432	0.9250994920730591	0.23668687045574188	0.2969350218772888
-0.7243587374687195	6.528902053833008	1.0840771198272705	0.6822929382324219	0.7248819470405579	1.0	1	0.0	0	0.0	0	-0.4522992968559265	0.5807254314422607	0.6768924593925476	0.024249374866485596	-0.7506672739982605	0.6602354049682617	0.8915364146232605	0.31503826379776	0.3254440426826477
-0.8271289467811584	6.528902053833008	1.007857322692871	0.6798621416091919	0.7143586277961731	1.0	1	0.0	0	0.0	0	-0.5164517760276794	0.5807259678840637	0.6293131113052368	0.009930030442774296	-0.7307893633842468	0.6825308203697205	0.8562586307525635	0.3587433397769928	0.3716508150100708
-0.7821915149688721	6.6028594970703125	0.9531010389328003	0.6716596484184265	0.7184336185455322	1.0	1	0.0	0	0.0	0	-0.42076390981674194	0.7483841776847839	0.5127173066139221	-0.109775610268116	-0.6030339002609253	0.7901262044906616	0.9005038142204285	0.2761727571487427	0.33588922023773193
-0.9219334721565247	6.528902053833008	0.9219313859939575	0.6762938499450684	0.7039455771446228	1.0	1	0.0	0	0.0	0	-0.5756565928459167	0.5807228088378906	0.5756565928459167	0.0009474394028075039	-0.7035254240036011	0.7106693983078003	0.8176909685134888	0.4096469581127167	0.40443888306617737
-0.8718453645706177	6.6028594970703125	0.8718433380126953	0.6682851910591125	0.7085863351821899	1.0	1	0.0	0	0.0	0	-0.4689907431602478	0.7483953237533569	0.4689907431602478	-0.13014084100723267	-0.5837728977203369	0.8014190793037415	0.8735623359680176	0.3148232400417328	0.37118086218833923
-1.0078589916229248	6.528902053833008	0.8271269202232361	0.6716223955154419	0.6937431693077087	1.0	1	0.0	0	0.0	0	-0.6293131113052368	0.5807259678840637	0.5164517760276794	-0.022524960339069366	-0.6778947710990906	0.7348138093948364	0.7768254280090332	0.45079490542411804	0.43968892097473145
-0.9531025886535645	6.6028594970703125	0.7821896076202393	0.6638675928115845	0.6989381909370422	1.0	1	0.0	0	0.0	0	-0.5127173066139221	0.7483841776847839	0.42076390981674194	-0.15266871452331543	-0.5617437958717346	0.8131027221679688	0.8448747396469116	0.3526543378829956	0.4022705852985382
-1.084078311920166	6.528902053833008	0.7243568897247314	0.6658928394317627	0.6838495135307312	1.0	1	0.0	0	0.0	0	-0.6768924593925476	0.5807254314422607	0.4522992968559265	-0.0540594719350338	-0.6520294547080994	0.7562639713287354	0.7340941429138184	0.48745834827423096	0.4727475345134735
-1.0251809358596802	6.6028594970703125	0.6850029826164246	0.6584492921829224	0.6895819902420044	1.0	1	0.0	0	0.0	0	-0.5514801144599915	0.7483893036842346	0.3684875965118408	-0.17725639045238495	-0.536775529384613	0.8248952627182007	0.8151379823684692	0.38959652185440063	0.4286777973175049
-1.149857521057129	6.528902053833008	0.6146108508110046	0.659160315990448	0.674359917640686	1.0	1	0.0	0	0.0	0	-0.717974841594696	0.5807279348373413	0.38375410437583923	-0.08799336105585098	-0.6226161122322083	0.7775643467903137	0.690484881401062	0.5245038270950317	0.4981229603290558
-1.1391197443008423	6.6028594970703125	0.4718383848667145	0.6448286175727844	0.6721025109291077	1.0	1	0.0	0	0.0	0	-0.6127647757530212	0.7483921051025391	0.2538282871246338	-0.23213650286197662	-0.4774830639362335	0.8474211692810059	0.7554019093513489	0.46034693717956543	0.4663138687610626
-1.2045629024505615	6.528902053833008	0.49894583225250244	0.6514896750450134	0.6653658151626587	1.0	1	0.0	0	0.0	0	-0.7521267533302307	0.5807282328605652	0.311544805765152	-0.12431477755308151	-0.5892769694328308	0.7983097434043884	0.6471872329711914	0.5617004632949829	0.5154041051864624
-1.2476677894592285	6.528902053833008	0.37847569584846497	0.6429547071456909	0.6569538116455078	1.0	1	0.0	0	0.0	0	-0.7790448069572449	0.5807280540466309	0.23631371557712555	-0.16301685571670532	-0.5515705347061157	0.81804358959198	0.6054045557975769	0.5987695455551147	0.5243666172027588
-1.1798826456069946	6.6028594970703125	0.3579133152961731	0.6367573738098145	0.6641474962234497	1.0	1	0.0	0	0.0	0	-0.6347057819366455	0.7483894228935242	0.19251449406147003	-0.2621381878852844	-0.4428759217262268	0.8574057817459106	0.7269334197044373	0.4937349855899811	0.47727736830711365
-1.2787569761276245	6.528902053833008	0.2543606758117676	0.6336377263069153	0.6492048501968384	1.0	1	0.0	0	0.0	0	-0.7984548807144165	0.5807276964187622	0.15882420539855957	-0.20394766330718994	-0.5091040730476379	0.8361929059028625	0.5664583444595337	0.6352704167366028	0.5249345898628235
-1.227036952972412	6.6028594970703125	0.12085291743278503	0.6184810996055603	0.6501892805099487	1.0	1	0.0	0	0.0	0	-0.6600668430328369	0.7483890652656555	0.06500565260648727	-0.3260640799999237	-0.3633878529071808	0.8727149963378906	0.6767525672912598	0.5548542141914368	0.4838830828666687
-1.2975311279296875	6.528902053833008	0.12779600918293	0.6236284375190735	0.642193615436554	1.0	1	0.0	0	0.0	0	-0.8101778030395508	0.580730140209198	0.07977867871522903	-0.24689531326293945	-0.46150174736976624	0.8520908355712891	0.5316528081893921	0.6706480383872986	0.5172779560089111
-1.2329740524291992	6.6028594970703125	5.732248382628313e-07	0.6084519624710083	0.6443204879760742	1.0	1	0.0	0	0.0	0	-0.6632663607597351	0.7483834624290466	0.0	-0.35939422249794006	-0.31851866841316223	0.8771440982818604	0.6564400792121887	0.5817801356315613	0.48022735118865967
-1.303809404373169	6.528902053833008	6.061569592930027e-07	0.6130231618881226	0.6359876394271851	1.0	1	0.0	0	0.0	0	-0.8141025304794312	0.5807213187217712	0.0	-0.29143083095550537	-0.40855175256729126	0.8649587631225586	0.502299964427948	0.704164981842041	0.5018430352210999
-1.297531247138977	6.528902053833008	-0.1277948021888733	0.6019240617752075	0.6306467056274414	1.0	1	0.0	0	0.0	0	-0.8101778030395508	0.580730140209198	-0.07977867871522903	-0.33704230189323425	-0.3501477837562561	0.873956024646759	0.4795982241630554	0.734948456287384	0.4794125258922577
-1.2270370721817017	6.6028594970703125	-0.1208517774939537	0.5979559421539307	0.6392697095870972	1.0	1	0.0	0	0.0	0	-0.6600668430328369	0.7483890652656555	-0.06500565260648727	-0.393125981092453	-0.2703949809074402	0.8788279891014099	0.640127956867218	0.6056405305862427	0.4726898968219757
-1.2787572145462036	6.528902053833008	-0.25435948371887207	0.5904380679130554	0.6262222528457642	1.0	1	0.0	0	0.0	0	-0.7984548807144165	0.5807276964187622	-0.15882420539855957	-0.3830217719078064	-0.2864433228969574	0.8782052397727966	0.46450403332710266	0.762040376663208	0.45114341378211975
-1.2092829942703247	6.6028594970703125	-0.2405402660369873	0.5870938897132874	0.6350856423377991	1.0	1	0.0	0	0.0	0	-0.6505170464515686	0.7483921647071838	-0.12937095761299133	-0.4267909824848175	-0.21931089460849762	0.8773552775382996	0.6282333135604858	0.6259489059448242	0.4620724618434906
-1.2476681470870972	6.528902053833008	-0.37847453355789185	0.5786757469177246	0.622756838798523	1.0	1	0.0	0	0.0	0	-0.7790448069572449	0.5807280540466309	-0.23631371557712555	-0.42845073342323303	-0.21793611347675323	0.8768887519836426	0.45773258805274963	0.7843844890594482	0.4185953438282013
-1.1798830032348633	6.6028594970703125	-0.35791221261024475	0.5759706497192383	0.6318084597587585	1.0	1	0.0	0	0.0	0	-0.6347057819366455	0.7483894228935242	-0.19251449406147003	-0.45990633964538574	-0.16563422977924347	0.8723827004432678	0.620995044708252	0.6422449946403503	0.4493180513381958
-1.2045633792877197	6.528902053833008	-0.4989446997642517	0.5667504072189331	0.620283842086792	1.0	1	0.0	0	0.0	0	-0.7521267533302307	0.5807282328605652	-0.311544805765152	-0.47236496210098267	-0.14541147649288177	0.8693255186080933	0.4595396816730499	0.8010058403015137	0.38368356227874756
-1.087386965751648	6.6028594970703125	-0.581218421459198	0.5533702373504639	0.6280922293663025	1.0	1	0.0	0	0.0	0	-0.5849576592445374	0.7483869194984436	-0.3126366436481476	-0.5223805904388428	-0.05276994779706001	0.8510781526565552	0.6204378604888916	0.6611599326133728	0.42181095480918884
-1.1498581171035767	6.528902053833008	-0.6146098375320435	0.5547769069671631	0.6188271045684814	1.0	1	0.0	0	0.0	0	-0.717974841594696	0.5807279348373413	-0.38375410437583923	-0.5137053728103638	-0.07004740089178085	0.8551024794578552	0.4697009027004242	0.8110786080360413	0.3486153185367584
-1.0840790271759033	6.528902053833008	-0.7243558764457703	0.5428705215454102	0.6184006333351135	1.0	1	0.0	0	0.0	0	-0.6768924593925476	0.5807254314422607	-0.4522992968559265	-0.551550030708313	0.006766278762370348	0.8341144323348999	0.48745185136795044	0.8140714764595032	0.3157190680503845
-1.0251816511154175	6.6028594970703125	-0.6850020289421082	0.5421107411384583	0.6276889443397522	1.0	1	0.0	0	0.0	0	-0.5514801144599915	0.7483893036842346	-0.3684875965118408	-0.5507825016975403	0.005086182150989771	0.8346333503723145	0.6265048980712891	0.6632401943206787	0.4093948006629944
-1.0078598260879517	6.528902053833008	-0.8271260261535645	0.5311459898948669	0.6190085411071777	1.0	1	0.0	0	0.0	0	-0.6293131113052368	0.5807259678840637	-0.5164517760276794	-0.5850481390953064	0.08341595530509949	0.8066972494125366	0.5115503668785095	0.8098143339157104	0.2872579097747803
-0.9531033039093018	6.6028594970703125	-0.7821887135505676	0.5310231447219849	0.6282638311386108	1.0	1	0.0	0	0.0	0	-0.512694776058197	0.7483958601951599	-0.4207704961299896	-0.5767194032669067	0.06286121904850006	0.8145202994346619	0.6360337138175964	0.6602668166160583	0.3993857800960541
-0.9219343662261963	6.528902053833008	-0.9219305515289307	0.5197161436080933	0.6206449866294861	1.0	1	0.0	0	0.0	0	-0.5756565928459167	0.5807228088378906	-0.5756565928459167	-0.6137024164199829	0.15839070081710815	0.773486852645874	0.5403600335121155	0.7985445857048035	0.2652123272418976
-0.8718461990356445	6.6028594970703125	-0.8718425631523132	0.5202142596244812	0.6298113465309143	1.0	1	0.0	0	0.0	0	-0.4689907431602478	0.7483953237533569	-0.4689907431602478	-0.5998943448066711	0.11979617923498154	0.7910598516464233	0.648208737373352	0.6523445248603821	0.392774760723114
-0.827130138874054	6.528902053833008	-1.0078563690185547	0.5086910128593445	0.6232942342758179	1.0	1	0.0	0	0.0	0	-0.5164517760276794	0.5807259678840637	-0.6293131113052368	-0.6441240906715393	0.22079844772815704	0.7323607802391052	0.5642522573471069	0.783584713935852	0.26002779603004456
-0.782192587852478	6.6028594970703125	-0.9531000852584839	0.5097881555557251	0.6323166489601135	1.0	1	0.0	0	0.0	0	-0.42076390981674194	0.7483841776847839	-0.5127173066139221	-0.6201383471488953	0.17521755397319794	0.7646746039390564	0.6621074080467224	0.639703094959259	0.390376478433609
-0.7243603467941284	6.528902053833008	-1.0840760469436646	0.4981769025325775	0.6269307136535645	1.0	1	0.0	0	0.0	0	-0.4522992968559265	0.5807254314422607	-0.6768924593925476	-0.6680998802185059	0.2821560204029083	0.6884987354278564	0.5908179879188538	0.7636392712593079	0.2603635787963867
-0.6850062012672424	6.6028594970703125	-1.0251787900924683	0.4998452663421631	0.6357555985450745	1.0	1	0.0	0	0.0	0	-0.3684875965118408	0.7483893036842346	-0.5514801144599915	-0.6373632550239563	0.22846679389476776	0.7359150648117065	0.6767458915710449	0.6226687431335449	0.3928087055683136
-0.6146144866943359	6.528902053833008	-1.149855613708496	0.48827502131462097	0.6315193772315979	1.0	1	0.0	0	0.0	0	-0.38375410437583923	0.5807279348373413	-0.717974841594696	-0.6836271286010742	0.3440238833427429	0.6436626315116882	0.620793342590332	0.7378352284431458	0.2649807631969452
-0.5812228322029114	6.6028594970703125	-1.087384581565857	0.49048134684562683	0.6400949954986572	1.0	1	0.0	0	0.0	0	-0.3126641809940338	0.7483797669410706	-0.5849520564079285	-0.651623010635376	0.27907177805900574	0.7053413391113281	0.6911067962646484	0.6017031669616699	0.40040573477745056
-0.49894964694976807	6.528902053833008	-1.2045613527297974	0.4790807068347931	0.6370161771774292	1.0	1	0.0	0	0.0	0	-0.311544805765152	0.5807282328605652	-0.7521267533302307	-0.693793773651123	0.4018296003341675	0.5976480841636658	0.6492979526519775	0.708014965057373	0.2777177393436432
-0.4718419909477234	6.6028594970703125	-1.1391181945800781	0.4817865192890167	0.645293116569519	1.0	1	0.0	0	0.0	0	-0.2538282871246338	0.7483921051025391	-0.6127647757530212	-0.6630340218544006	0.3266270160675049	0.6735731363296509	0.7042422294616699	0.5772557258605957	0.4133021831512451
-0.37847965955734253	6.528902053833008	-1.247666597366333	0.4706824719905853	0.6433680653572083	1.0	1	0.0	0	0.0	0	-0.23631371557712555	0.5807280540466309	-0.7790448069572449	-0.7041416764259338	0.45013323426246643	0.5491489171981812	0.6695801615715027	0.678329348564148	0.30254215002059937
-0.35791707038879395	6.6028594970703125	-1.1798815727233887	0.14706052839756012	0.4356599450111389	1.0	1	0.0	0	0.0	0	-0.19251449406147003	0.7483894228935242	-0.6347057819366455	-0.9638445973396301	-0.02277546375989914	0.26548975706100464	0.18423403799533844	0.6628683805465698	0.7257158160209656
-0.2543647289276123	6.528902053833008	-1.2787561416625977	0.13667629659175873	0.4287322163581848	1.0	1	0.0	0	0.0	0	-0.15882420539855957	0.5807276964187622	-0.7984548807144165	-0.9805989265441895	0.0013266557361930609	0.1960202008485794	0.11489365249872208	0.8140968084335327	0.5692503452301025
-0.37847965955734253	6.528902053833008	-1.247666597366333	0.14878271520137787	0.42871150374412537	1.0	1	0.0	0	0.0	0	-0.23631371557712555	0.5807280540466309	-0.7790448069572449	-0.9580847024917603	-0.005623442120850086	0.28643009066581726	0.1619570553302765	0.8140782117843628	0.5577154755592346
-0.0015308171277865767	6.690595626831055	-0.0018639134941622615	0.557746171951294	0.7331673502922058	1.0	1	0.0	0	0.0	0	0.9999774694442749	-0.006714125629514456	0.0	-4.006082235719077e-05	-0.0044040679931640625	0.9999902844429016	-0.006714060436934233	-0.9999677538871765	-0.0044042374938726425
-0.002400381024926901	6.690595626831055	-0.0002364066313020885	0.5579186081886292	0.7331809997558594	1.0	1	0.0	0	0.0	0	0.991054117679596	-0.13346101343631744	0.0	-0.01166809443384409	-0.08638522028923035	0.9961934685707092	-0.1329529881477356	-0.9872816205024719	-0.08716965466737747
0.000532906677108258	6.690595626831055	-0.002341330051422119	0.5576245188713074	0.7332879900932312	1.0	1	0.0	0	0.0	0	-0.9999988079071045	0.0015870090574026108	0.0	-3.9663209463469684e-05	-0.0010300029534846544	0.999999463558197	0.001587008242495358	0.9999982714653015	0.0010300646536052227
-0.24054522812366486	6.6028594970703125	-1.2092820405960083	0.13561183214187622	0.43567952513694763	1.0	1	0.0	0	0.0	0	-0.12940095365047455	0.7483891248703003	-0.6505144238471985	-0.9805178642272949	0.0012001680443063378	0.19642628729343414	0.147784024477005	0.6632587909698486	0.7336536049842834
-0.1278001368045807	6.528902053833008	-1.2975306510925293	0.1243811845779419	0.4287430942058563	1.0	1	0.0	0	0.0	0	-0.07977867871522903	0.580730140209198	-0.8101778030395508	-0.9951512813568115	0.0005054128705523908	0.09835541248321533	0.05752741917967796	0.8140960335731506	0.5778740048408508
0.0023661619052290916	1.9144153594970703	0.00046846939949318767	0.33944326639175415	0.5118649005889893	1.0	1	0.0	0	0.0	0	-1.0	-0.00033571384847164154	0.0	-5.719800537917763e-05	0.0003147881361655891	0.9999999403953552	-0.0003357138193678111	0.9999999403953552	-0.00031480734469369054
-0.00017164053861051798	1.9144153594970703	-0.0023954296484589577	0.3393697738647461	0.5121752023696899	1.0	1	0.0	0	0.0	0	0.999998927116394	-0.0014649316435679793	0.0	-5.535941454581916e-05	-0.0013282157015055418	0.9999991655349731	-0.0014649303629994392	-0.9999980926513672	-0.0013282954460009933
0.0020049542654305696	1.9144153594970703	-0.001340672723017633	0.3393261730670929	0.5119871497154236	1.0	1	0.0	0	0.0	0	-0.9999973773956299	-0.0023194714449346066	0.0	-5.7203542382922024e-05	0.0021753881592303514	0.9999976754188538	-0.002319465856999159	0.9999949336051941	-0.002175515051931143
-0.12085682153701782	2.0021514892578125	-1.227036476135254	0.25462546944618225	0.5918059349060059	1.0	1	0.0	0	0.0	0	-0.06500565260648727	-0.7483890652656555	-0.6600668430328369	-0.778008222579956	-0.3762039542198181	0.5031639933586121	-0.6248821020126343	0.5462458729743958	-0.557797372341156
0.0	2.0761091709136963	-1.303809404373169	0.24322445690631866	0.5924785733222961	1.0	1	0.0	0	0.0	0	0.0	-0.5807213187217712	-0.8141025304794312	-0.7838886380195618	-0.5054739117622375	0.36057576537132263	-0.6209015846252441	0.6381656527519226	-0.4552207887172699
0.0	2.0021514892578125	-1.2329740524291992	0.2472984343767166	0.5849583745002747	1.0	1	0.0	0	0.0	0	0.0	-0.7483834624290466	-0.6632663607597351	-0.7789451479911804	-0.4159286916255951	0.46930578351020813	-0.6270921230316162	0.5166480541229248	-0.5829495787620544
-0.13612407445907593	2.239014148712158	-1.3820421695709229	0.12485654652118683	0.022604716941714287	1.0	1	0.0	0	0.0	0	-0.09415033459663391	-0.277323842048645	-0.9561523199081421	-0.995200514793396	0.00047927250852808356	0.0978563129901886	-0.026679627597332	0.9607763886451721	-0.27603793144226074
0.0	2.0761091709136963	-1.303809404373169	0.11201538890600204	0.007112869061529636	1.0	1	0.0	0	0.0	0	0.0	-0.5807213187217712	-0.8141025304794312	-0.9999622702598572	0.007078532595187426	-0.0050501395016908646	0.008695374242961407	0.8140717148780823	-0.5806993246078491
-0.1278001368045807	2.0761091709136963	-1.2975306510925293	0.12438123673200607	0.007111966144293547	1.0	1	0.0	0	0.0	0	-0.07977867871522903	-0.580730140209198	-0.8101778030395508	-0.9952166080474854	0.00042862066766247153	0.0976923480629921	-0.056385621428489685	0.8140960335731506	-0.5779864192008972
-0.139189213514328	2.6064186096191406	-1.4131618738174438	0.12503156065940857	0.05741873383522034	1.0	1	0.0	0	0.0	0	-0.0979064479470253	-0.04236101731657982	-0.9942936897277832	-0.9951888918876648	0.00048516891547478735	0.09797392040491104	-0.0036678749602288008	0.9991023540496826	-0.04220471903681755
0.0	2.239014148712158	-1.3887298107147217	0.11168527603149414	0.022605665028095245	1.0	1	0.0	0	0.0	0	0.0	-0.2773280739784241	-0.9607753157615662	-0.9999999403953552	-0.00033839166280813515	9.767839219421148e-05	-0.00035220730933360755	0.9607752561569214	-0.2773280441761017
-0.139189213514328	3.284853458404541	-1.4131618738174438	0.12503156065940857	0.12165914475917816	1.0	1	0.0	0	0.0	0	-0.09799579530954361	0.0	-0.9951868653297424	-0.9951866865158081	0.0004855811130255461	0.09799576550722122	0.0004832439299207181	0.9999998807907104	-4.758490467793308e-05
0.0	2.6064186096191406	-1.4200000762939453	0.11156371235847473	0.057419728487730026	1.0	1	0.0	0	0.0	0	0.0	-0.04236045479774475	-0.9991024732589722	-0.9999999403953552	-0.00033805001294240355	1.4333351828099694e-05	-0.0003383537696208805	0.9991024136543274	-0.04236045107245445
-0.139189213514328	3.9632880687713623	-1.4131618738174438	0.12503154575824738	0.1858995109796524	1.0	1	0.0	0	0.0	0	-0.09799579530954361	0.0	-0.9951868653297424	-0.9951866865158081	0.00048774026799947023	0.09799579530954361	0.00048539272393099964	0.9999998807907104	-4.779649680131115e-05
0.0	3.284853458404541	-1.4200000762939453	0.11156370490789413	0.12166012078523636	1.0	1	0.0	0	0.0	0	0.0	0.0	-1.0	-0.9999999403953552	-0.0003380077541805804	0.0	-0.0003380077541805804	0.9999999403953552	0.0
